-618 -429
-905 -592
292 465
-169 543
-727 379
-791 -400
-739 -126
276 -547
369 -624
623 430
28 -211
995 752
-660 -139
893 677
715 599
878 -311
713 351
-562 -855
504 -525
553 -130
-184 483
985 -184
-757 -658
224 808
116 -569
1000 430
-759 940
-779 -928
-968 433
-949 498
-396 -715
-94 -665
742 347
-858 849
-146 873
-459 -474
40 -557
836 -134
419 75
-330 852
311 404
661 -953
-9 682
-515 382
-88 -629
226 -316
700 341
323 881
-894 566
-814 -138
106 -981
858 703
-481 -975
-596 705
22 -468
318 -110
-789 647
-701 -79
-862 -115
978 590
-5 -152
949 -564
791 -554
456 369
-785 -511
-240 950
-716 914
171 875
90 -111
-424 249
136 -573
841 502
313 112
-213 -74
713 -312
-498 328
328 133
243 321
-171 -912
-797 811
-322 -671
290 -437
-630 855
58 921
-815 443
-93 -268
-484 736
-882 -154
-200 605
844 508
918 170
201 -950
-874 -759
-697 -427
146 -39
438 213
-46 -165
-801 -585
-217 588
879 -114